,Time,Sample,#,Type,Sub,Chan,Num,Aux
,0:00.064,23,+,0,0,0,(N,
,0:00.244,88,N,0,0,0,,
,0:01.228,442,N,0,0,0,,
,0:02.192,789,N,0,0,0,,
,0:03.208,1155,N,0,0,0,,
,0:04.147,1493,N,0,0,0,,
,0:05.058,1821,N,0,0,0,,
,0:05.992,2157,N,0,0,0,,
,0:06.992,2517,N,0,0,0,,
,0:08.025,2889,N,0,0,0,,
,0:08.994,3238,N,0,0,0,,
,0:09.981,3593,N,0,0,0,,
,0:10.900,3924,N,0,0,0,,
,0:11.403,4105,V,1,0,0,,
,0:11.658,4197,x,0,0,0,,
,0:12.783,4602,N,0,0,0,,
,0:13.808,4971,N,0,0,0,,
,0:14.861,5350,N,0,0,0,,
,0:15.875,5715,N,0,0,0,,
,0:16.986,6115,N,0,0,0,,
,0:17.997,6479,N,0,0,0,,
,0:19.128,6886,N,0,0,0,,
,0:20.242,7287,N,0,0,0,,
,0:21.353,7687,N,0,0,0,,
,0:22.378,8056,N,0,0,0,,
,0:23.422,8432,N,0,0,0,,
,0:24.456,8804,N,0,0,0,,
,0:25.544,9196,N,0,0,0,,
,0:26.628,9586,N,0,0,0,,
,0:27.567,9924,~,3,0,0,,
,0:27.675,9963,N,0,0,0,,
,0:28.681,10325,N,0,0,0,,
,0:29.219,10519,~,0,0,0,,
,0:29.711,10696,N,0,0,0,,
,0:30.211,10876,V,2,0,0,,
,0:30.556,11000,x,0,0,0,,
,0:31.814,11453,N,0,0,0,,
,0:32.831,11819,N,0,0,0,,
,0:33.817,12174,N,0,0,0,,
,0:34.747,12509,N,0,0,0,,
,0:35.711,12856,N,0,0,0,,
,0:36.767,13236,N,0,0,0,,
,0:37.900,13644,N,0,0,0,,
,0:39.092,14073,N,0,0,0,,
,0:40.186,14467,N,0,0,0,,
,0:41.242,14847,N,0,0,0,,
,0:42.283,15222,N,0,0,0,,
,0:43.389,15620,N,0,0,0,,
,0:44.494,16018,N,0,0,0,,
,0:45.564,16403,N,0,0,0,,
,0:46.633,16788,N,0,0,0,,
,0:47.669,17161,N,0,0,0,,
,0:48.706,17534,N,0,0,0,,
,0:49.811,17932,N,0,0,0,,
,0:50.908,18327,N,0,0,0,,
,0:51.903,18685,N,0,0,0,,
,0:52.903,19045,N,0,0,0,,
,0:53.933,19416,N,0,0,0,,
,0:55.006,19802,N,0,0,0,,
,0:56.092,20193,N,0,0,0,,
,0:57.183,20586,N,0,0,0,,
,0:58.172,20942,N,0,0,0,,
,0:59.189,21308,N,0,0,0,,
,1:00.211,21676,N,0,0,0,,
,1:01.261,22054,N,0,0,0,,
,1:02.297,22427,N,0,0,0,,
,1:03.317,22794,N,0,0,0,,
,1:04.414,23189,N,0,0,0,,
,1:05.583,23610,N,0,0,0,,
,1:06.769,24037,N,0,0,0,,
,1:07.928,24454,N,0,0,0,,
,1:09.028,24850,N,0,0,0,,
,1:10.089,25232,N,0,0,0,,
,1:11.158,25617,N,0,0,0,,
,1:12.197,25991,N,0,0,0,,
,1:13.294,26386,N,0,0,0,,
,1:14.408,26787,N,0,0,0,,
,1:15.503,27181,N,0,0,0,,
,1:16.514,27545,N,0,0,0,,
,1:17.572,27926,N,0,0,0,,
,1:18.647,28313,N,0,0,0,,
,1:19.769,28717,N,0,0,0,,
,1:20.833,29100,N,0,0,0,,
,1:21.819,29455,N,0,0,0,,
,1:22.767,29796,N,0,0,0,,
,1:23.750,30150,N,0,0,0,,
,1:24.847,30545,N,0,0,0,,
,1:26.044,30976,N,0,0,0,,
,1:27.278,31420,N,0,0,0,,
,1:28.486,31855,N,0,0,0,,
,1:29.617,32262,N,0,0,0,,
,1:30.828,32698,N,0,0,0,,
,1:32.003,33121,N,0,0,0,,
,1:33.092,33513,N,0,0,0,,
,1:34.136,33889,N,0,0,0,,
,1:35.164,34259,N,0,0,0,,
,1:36.181,34625,N,0,0,0,,
,1:37.272,35018,N,0,0,0,,
,1:38.372,35414,N,0,0,0,,
,1:39.344,35764,N,0,0,0,,
,1:40.319,36115,N,0,0,0,,
,1:41.314,36473,N,0,0,0,,
,1:42.358,36849,N,0,0,0,,
,1:43.603,37297,N,0,0,0,,
,1:44.947,37781,N,0,0,0,,
,1:46.106,38198,N,0,0,0,,
,1:47.194,38590,N,0,0,0,,
,1:48.308,38991,N,0,0,0,,
,1:49.411,39388,N,0,0,0,,
,1:50.500,39780,N,0,0,0,,
,1:51.583,40170,N,0,0,0,,
,1:52.606,40538,N,0,0,0,,
,1:53.653,40915,N,0,0,0,,
,1:54.744,41308,N,0,0,0,,
,1:55.836,41701,N,0,0,0,,
,1:56.922,42092,N,0,0,0,,
,1:57.967,42468,N,0,0,0,,
,1:58.997,42839,N,0,0,0,,
,2:00.058,43221,N,0,0,0,,
,2:01.161,43618,N,0,0,0,,
,2:02.244,44008,N,0,0,0,,
,2:03.308,44391,N,0,0,0,,
,2:04.381,44777,N,0,0,0,,
,2:05.408,45147,N,0,0,0,,
,2:06.439,45518,N,0,0,0,,
,2:07.517,45906,N,0,0,0,,
,2:08.625,46305,N,0,0,0,,
,2:09.183,46506,~,3,0,0,,
,2:09.611,46660,N,0,0,0,,
,2:10.572,47006,N,0,0,0,,
,2:11.533,47352,N,0,0,0,,
,2:12.575,47727,N,0,0,0,,
,2:13.872,48194,N,0,0,0,,
,2:15.106,48638,N,0,0,0,,
,2:16.136,49009,N,0,0,0,,
,2:16.536,49153,~,1,0,0,,
,2:17.203,49393,N,0,0,0,,
,2:17.444,49480,~,0,0,0,,
,2:18.281,49781,N,0,0,0,,
,2:19.381,50177,N,0,0,0,,
,2:20.403,50545,N,0,0,0,,
,2:21.428,50914,N,0,0,0,,
,2:22.408,51267,N,0,0,0,,
,2:23.397,51623,N,0,0,0,,
,2:24.469,52009,N,0,0,0,,
,2:25.544,52396,N,0,0,0,,
,2:26.597,52775,N,0,0,0,,
,2:27.636,53149,N,0,0,0,,
,2:28.614,53501,N,0,0,0,,
,2:29.625,53865,N,0,0,0,,
,2:30.722,54260,N,0,0,0,,
,2:31.839,54662,N,0,0,0,,
,2:32.886,55039,N,0,0,0,,
,2:33.919,55411,N,0,0,0,,
,2:34.950,55782,N,0,0,0,,
,2:36.036,56173,N,0,0,0,,
,2:37.125,56565,N,0,0,0,,
,2:38.244,56968,N,0,0,0,,
,2:39.247,57329,N,0,0,0,,
,2:40.311,57712,N,0,0,0,,
,2:41.333,58080,N,0,0,0,,
,2:42.456,58484,N,0,0,0,,
,2:43.519,58867,N,0,0,0,,
,2:44.692,59289,N,0,0,0,,
,2:45.692,59649,N,0,0,0,,
,2:46.672,60002,N,0,0,0,,
,2:47.694,60370,N,0,0,0,,
,2:48.853,60787,N,0,0,0,,
,2:49.944,61180,N,0,0,0,,
,2:51.058,61581,N,0,0,0,,
,2:52.092,61953,N,0,0,0,,
,2:53.117,62322,N,0,0,0,,
,2:54.161,62698,N,0,0,0,,
,2:55.300,63108,N,0,0,0,,
,2:56.364,63491,N,0,0,0,,
,2:57.422,63872,N,0,0,0,,
,2:58.464,64247,N,0,0,0,,
,2:59.486,64615,N,0,0,0,,
,3:00.542,64995,N,0,0,0,,
,3:01.647,65393,N,0,0,0,,
,3:02.756,65792,N,0,0,0,,
,3:03.775,66159,N,0,0,0,,
,3:04.836,66541,N,0,0,0,,
,3:05.867,66912,N,0,0,0,,
,3:06.933,67296,N,0,0,0,,
,3:08.014,67685,N,0,0,0,,
,3:09.097,68075,N,0,0,0,,
,3:10.142,68451,N,0,0,0,,
,3:11.108,68799,N,0,0,0,,
,3:12.147,69173,N,0,0,0,,
,3:13.133,69528,N,0,0,0,,
,3:14.225,69921,N,0,0,0,,
,3:15.211,70276,N,0,0,0,,
,3:16.464,70727,N,0,0,0,,
,3:17.661,71158,N,0,0,0,,
,3:18.967,71628,N,0,0,0,,
,3:20.158,72057,N,0,0,0,,
,3:21.272,72458,N,0,0,0,,
,3:22.331,72839,N,0,0,0,,
,3:23.389,73220,N,0,0,0,,
,3:24.456,73604,N,0,0,0,,
,3:25.567,74004,N,0,0,0,,
,3:26.647,74393,N,0,0,0,,
,3:27.719,74779,N,0,0,0,,
,3:28.700,75132,N,0,0,0,,
,3:29.753,75511,N,0,0,0,,
,3:30.814,75893,N,0,0,0,,
,3:31.969,76309,N,0,0,0,,
,3:33.064,76703,N,0,0,0,,
,3:34.061,77062,N,0,0,0,,
,3:35.097,77435,N,0,0,0,,
,3:36.192,77829,N,0,0,0,,
,3:37.214,78197,N,0,0,0,,
,3:37.583,78330,~,2,0,0,,
,3:38.311,78592,N,0,0,0,,
,3:39.381,78977,N,0,0,0,,
,3:40.383,79338,N,0,0,0,,
,3:41.456,79724,N,0,0,0,,
,3:42.533,80112,N,0,0,0,,
,3:43.589,80492,N,0,0,0,,
,3:44.611,80860,N,0,0,0,,
,3:45.603,81217,N,0,0,0,,
,3:46.547,81557,N,0,0,0,,
,3:47.503,81901,N,0,0,0,,
,3:48.558,82281,N,0,0,0,,
,3:49.653,82675,N,0,0,0,,
,3:50.928,83134,N,0,0,0,,
,3:52.069,83545,N,0,0,0,,
,3:52.844,83824,V,0,0,0,,
,3:54.333,84360,N,0,0,0,,
,3:55.581,84809,N,0,0,0,,
,3:56.736,85225,N,0,0,0,,
,3:57.731,85583,N,0,0,0,,
,3:58.794,85966,N,0,0,0,,
,3:59.769,86317,N,0,0,0,,
,4:00.861,86710,N,0,0,0,,
,4:01.883,87078,N,0,0,0,,
,4:02.961,87466,N,0,0,0,,
,4:03.992,87837,N,0,0,0,,
,4:05.044,88216,N,0,0,0,,
,4:06.106,88598,N,0,0,0,,
,4:07.186,88987,N,0,0,0,,
,4:08.364,89411,N,0,0,0,,
,4:08.658,89517,~,0,0,0,,
,4:09.478,89812,N,0,0,0,,
,4:10.547,90197,N,0,0,0,,
,4:11.564,90563,N,0,0,0,,
,4:12.667,90960,N,0,0,0,,
,4:13.772,91358,N,0,0,0,,
,4:14.864,91751,N,0,0,0,,
,4:15.894,92122,N,0,0,0,,
,4:16.925,92493,N,0,0,0,,
,4:17.961,92866,N,0,0,0,,
,4:19.067,93264,N,0,0,0,,
,4:20.072,93626,N,0,0,0,,
,4:21.128,94006,N,0,0,0,,
,4:22.128,94366,N,0,0,0,,
,4:23.142,94731,N,0,0,0,,
,4:24.092,95073,N,0,0,0,,
,4:25.136,95449,N,0,0,0,,
,4:26.314,95873,N,0,0,0,,
,4:27.583,96330,N,0,0,0,,
,4:28.792,96765,N,0,0,0,,
,4:29.844,97144,N,0,0,0,,
,4:29.994,97198,|,2,0,0,,
,4:31.006,97562,N,0,0,0,,
,4:32.169,97981,N,0,0,0,,
,4:33.200,98352,N,0,0,0,,
,4:34.181,98705,N,0,0,0,,
,4:35.186,99067,N,0,0,0,,
,4:36.231,99443,N,0,0,0,,
,4:37.325,99837,N,0,0,0,,
,4:38.369,100213,N,0,0,0,,
,4:39.394,100582,N,0,0,0,,
,4:40.400,100944,N,0,0,0,,
,4:41.408,101307,N,0,0,0,,
,4:42.414,101669,N,0,0,0,,
,4:43.439,102038,N,0,0,0,,
,4:44.450,102402,N,0,0,0,,
,4:45.486,102775,N,0,0,0,,
,4:46.719,103219,N,0,0,0,,
,4:47.839,103622,N,0,0,0,,
,4:49.008,104043,N,0,0,0,,
,4:50.164,104459,N,0,0,0,,
,4:51.231,104843,N,0,0,0,,
,4:52.297,105227,N,0,0,0,,
,4:53.339,105602,N,0,0,0,,
,4:54.397,105983,N,0,0,0,,
,4:55.506,106382,N,0,0,0,,
,4:56.658,106797,N,0,0,0,,
,4:57.711,107176,N,0,0,0,,
,4:58.139,107330,V,3,0,0,,
,4:58.869,107593,N,0,0,0,,
,4:59.856,107948,N,0,0,0,,
,5:00.944,108340,N,0,0,0,,
,5:02.047,108737,N,0,0,0,,
,5:03.175,109143,N,0,0,0,,
,5:04.261,109534,N,0,0,0,,
,5:05.250,109890,N,0,0,0,,
,5:06.392,110301,N,0,0,0,,
,5:07.536,110713,N,0,0,0,,
,5:08.614,111101,N,0,0,0,,
,5:09.725,111501,N,0,0,0,,
,5:10.731,111863,N,0,0,0,,
,5:11.797,112247,N,0,0,0,,
,5:12.925,112653,N,0,0,0,,
,5:14.025,113049,N,0,0,0,,
,5:15.100,113436,N,0,0,0,,
,5:16.167,113820,N,0,0,0,,
,5:17.222,114200,N,0,0,0,,
,5:18.256,114572,N,0,0,0,,
,5:19.419,114991,N,0,0,0,,
,5:20.497,115379,N,0,0,0,,
,5:21.583,115770,N,0,0,0,,
,5:22.619,116143,N,0,0,0,,
,5:23.678,116524,N,0,0,0,,
,5:24.706,116894,N,0,0,0,,
,5:25.872,117314,N,0,0,0,,
,5:26.614,117581,|,2,0,0,,
,5:26.981,117713,N,0,0,0,,
,5:28.044,118096,N,0,0,0,,
,5:29.106,118478,N,0,0,0,,
,5:30.200,118872,N,0,0,0,,
,5:31.283,119262,N,0,0,0,,
,5:32.439,119678,N,0,0,0,,
,5:33.494,120058,N,0,0,0,,
,5:34.519,120427,N,0,0,0,,
,5:35.597,120815,N,0,0,0,,
,5:36.714,121217,N,0,0,0,,
,5:37.217,121398,|,2,0,0,,
,5:37.825,121617,N,0,0,0,,
,5:38.917,122010,N,0,0,0,,
,5:40.003,122401,N,0,0,0,,
,5:40.953,122743,N,0,0,0,,
,5:41.972,123110,N,0,0,0,,
,5:43.031,123491,N,0,0,0,,
,5:44.136,123889,N,0,0,0,,
,5:45.181,124265,N,0,0,0,,
,5:46.222,124640,N,0,0,0,,
,5:47.219,124999,N,0,0,0,,
,5:48.281,125381,N,0,0,0,,
,5:49.350,125766,N,0,0,0,,
,5:50.472,126170,N,0,0,0,,
,5:51.506,126542,N,0,0,0,,
,5:52.572,126926,N,0,0,0,,
,5:53.633,127308,N,0,0,0,,
,5:54.678,127684,N,0,0,0,,
,5:55.792,128085,N,0,0,0,,
,5:56.942,128499,N,0,0,0,,
,5:57.942,128859,N,0,0,0,,
,5:59.036,129253,N,0,0,0,,
,6:00.075,129627,N,0,0,0,,
,6:01.161,130018,N,0,0,0,,
,6:02.281,130421,N,0,0,0,,
,6:03.358,130809,N,0,0,0,,
,6:04.414,131189,N,0,0,0,,
,6:05.433,131556,N,0,0,0,,
,6:06.528,131950,N,0,0,0,,
,6:07.617,132342,N,0,0,0,,
,6:08.711,132736,N,0,0,0,,
,6:09.719,133099,N,0,0,0,,
,6:10.711,133456,N,0,0,0,,
,6:11.656,133796,N,0,0,0,,
,6:12.669,134161,N,0,0,0,,
,6:13.728,134542,N,0,0,0,,
,6:14.797,134927,N,0,0,0,,
,6:16.133,135408,N,0,0,0,,
,6:17.353,135847,N,0,0,0,,
,6:18.494,136258,N,0,0,0,,
,6:19.608,136659,N,0,0,0,,
,6:20.764,137075,N,0,0,0,,
,6:21.800,137448,N,0,0,0,,
,6:22.861,137830,N,0,0,0,,
,6:23.933,138216,N,0,0,0,,
,6:24.997,138599,N,0,0,0,,
,6:26.150,139014,N,0,0,0,,
,6:27.222,139400,N,0,0,0,,
,6:28.258,139773,N,0,0,0,,
,6:29.303,140149,N,0,0,0,,
,6:30.383,140538,N,0,0,0,,
,6:31.500,140940,N,0,0,0,,
,6:32.581,141329,N,0,0,0,,
,6:33.661,141718,N,0,0,0,,
,6:34.706,142094,N,0,0,0,,
,6:35.747,142469,N,0,0,0,,
,6:36.900,142884,N,0,0,0,,
,6:38.022,143288,N,0,0,0,,
,6:39.144,143692,N,0,0,0,,
,6:40.222,144080,N,0,0,0,,
,6:41.292,144465,N,0,0,0,,
,6:42.353,144847,N,0,0,0,,
,6:43.522,145268,N,0,0,0,,
,6:44.639,145670,N,0,0,0,,
,6:45.722,146060,N,0,0,0,,
,6:46.831,146459,N,0,0,0,,
,6:47.892,146841,N,0,0,0,,
,6:49.033,147252,N,0,0,0,,
,6:50.175,147663,N,0,0,0,,
,6:51.306,148070,N,0,0,0,,
,6:52.364,148451,N,0,0,0,,
,6:53.450,148842,N,0,0,0,,
,6:54.547,149237,N,0,0,0,,
,6:55.669,149641,N,0,0,0,,
,6:56.825,150057,N,0,0,0,,
,6:57.903,150445,N,0,0,0,,
,6:58.958,150825,N,0,0,0,,
,7:00.056,151220,N,0,0,0,,
,7:01.144,151612,N,0,0,0,,
,7:02.275,152019,N,0,0,0,,
,7:03.347,152405,N,0,0,0,,
,7:04.411,152788,N,0,0,0,,
,7:05.397,153143,N,0,0,0,,
,7:06.492,153537,N,0,0,0,,
,7:07.558,153921,N,0,0,0,,
,7:08.628,154306,N,0,0,0,,
,7:09.647,154673,N,0,0,0,,
,7:10.675,155043,N,0,0,0,,
,7:11.708,155415,N,0,0,0,,
,7:12.772,155798,N,0,0,0,,
,7:13.925,156213,N,0,0,0,,
,7:14.953,156583,N,0,0,0,,
,7:15.958,156945,N,0,0,0,,
,7:16.997,157319,N,0,0,0,,
,7:18.058,157701,N,0,0,0,,
,7:19.108,158079,N,0,0,0,,
,7:20.203,158473,N,0,0,0,,
,7:21.228,158842,N,0,0,0,,
,7:22.222,159200,N,0,0,0,,
,7:23.217,159558,N,0,0,0,,
,7:24.328,159958,N,0,0,0,,
,7:25.689,160448,N,0,0,0,,
,7:26.922,160892,N,0,0,0,,
,7:28.028,161290,N,0,0,0,,
,7:29.122,161684,N,0,0,0,,
,7:30.003,162001,~,2,0,0,,
,7:30.178,162064,N,0,0,0,,
,7:31.286,162463,N,0,0,0,,
,7:32.328,162838,N,0,0,0,,
,7:32.889,163040,~,0,0,0,,
,7:33.414,163229,N,0,0,0,,
,7:34.394,163582,N,0,0,0,,
,7:35.394,163942,N,0,0,0,,
,7:36.469,164329,N,0,0,0,,
,7:37.561,164722,N,0,0,0,,
,7:38.642,165111,N,0,0,0,,
,7:39.703,165493,N,0,0,0,,
,7:40.750,165870,N,0,0,0,,
,7:41.797,166247,N,0,0,0,,
,7:42.861,166630,N,0,0,0,,
,7:43.981,167033,N,0,0,0,,
,7:44.219,167119,|,2,0,0,,
,7:45.056,167420,N,0,0,0,,
,7:46.067,167784,N,0,0,0,,
,7:47.069,168145,N,0,0,0,,
,7:48.119,168523,N,0,0,0,,
,7:49.181,168905,N,0,0,0,,
,7:50.289,169304,N,0,0,0,,
,7:51.350,169686,N,0,0,0,,
,7:52.353,170047,N,0,0,0,,
,7:53.403,170425,N,0,0,0,,
,7:54.447,170801,N,0,0,0,,
,7:55.522,171188,N,0,0,0,,
,7:56.614,171581,N,0,0,0,,
,7:57.653,171955,N,0,0,0,,
,7:58.683,172326,N,0,0,0,,
,7:59.675,172683,N,0,0,0,,
,8:00.750,173070,N,0,0,0,,
,8:01.811,173452,N,0,0,0,,
,8:02.844,173824,N,0,0,0,,
,8:03.847,174185,N,0,0,0,,
,8:04.822,174536,N,0,0,0,,
,8:05.761,174874,N,0,0,0,,
,8:06.817,175254,N,0,0,0,,
,8:07.997,175679,N,0,0,0,,
,8:09.256,176132,N,0,0,0,,
,8:10.356,176528,N,0,0,0,,
,8:11.414,176909,N,0,0,0,,
,8:12.461,177286,N,0,0,0,,
,8:13.561,177682,N,0,0,0,,
,8:14.650,178074,N,0,0,0,,
,8:15.658,178437,N,0,0,0,,
,8:16.628,178786,N,0,0,0,,
,8:17.653,179155,N,0,0,0,,
,8:18.611,179500,N,0,0,0,,
,8:19.567,179844,N,0,0,0,,
,8:19.708,179895,~,2,0,0,,
,8:20.114,180041,V,1,0,0,,
,8:20.511,180184,x,0,0,0,,
,8:21.725,180621,F,0,0,0,,
,8:21.978,180712,~,0,0,0,,
,8:22.853,181027,N,0,0,0,,
,8:23.889,181400,N,0,0,0,,
,8:24.972,181790,N,0,0,0,,
,8:25.994,182158,N,0,0,0,,
,8:27.100,182556,N,0,0,0,,
,8:28.111,182920,N,0,0,0,,
,8:29.092,183273,N,0,0,0,,
,8:30.133,183648,N,0,0,0,,
,8:31.217,184038,N,0,0,0,,
,8:32.272,184418,N,0,0,0,,
,8:33.322,184796,N,0,0,0,,
,8:34.344,185164,N,0,0,0,,
,8:35.300,185508,N,0,0,0,,
,8:36.314,185873,N,0,0,0,,
,8:37.656,186356,N,0,0,0,,
,8:38.911,186808,N,0,0,0,,
,8:40.036,187213,N,0,0,0,,
,8:41.114,187601,N,0,0,0,,
,8:42.161,187978,N,0,0,0,,
,8:43.244,188368,N,0,0,0,,
,8:44.375,188775,N,0,0,0,,
,8:45.411,189148,N,0,0,0,,
,8:46.394,189502,N,0,0,0,,
,8:47.433,189876,N,0,0,0,,
,8:48.431,190235,N,0,0,0,,
,8:49.497,190619,N,0,0,0,,
,8:50.564,191003,N,0,0,0,,
,8:51.561,191362,N,0,0,0,,
,8:52.492,191697,N,0,0,0,,
,8:53.497,192059,N,0,0,0,,
,8:54.525,192429,N,0,0,0,,
,8:55.781,192881,N,0,0,0,,
,8:57.061,193342,N,0,0,0,,
,8:57.647,193553,V,0,0,0,,
,8:58.044,193696,x,0,0,0,,
,8:59.258,194133,N,0,0,0,,
,9:00.425,194553,N,0,0,0,,
,9:01.511,194944,N,0,0,0,,
,9:02.553,195319,N,0,0,0,,
,9:03.600,195696,N,0,0,0,,
,9:04.644,196072,N,0,0,0,,
,9:05.647,196433,N,0,0,0,,
,9:06.675,196803,N,0,0,0,,
,9:07.722,197180,N,0,0,0,,
,9:08.750,197550,N,0,0,0,,
,9:09.739,197906,N,0,0,0,,
,9:11.031,198371,N,0,0,0,,
,9:12.294,198826,N,0,0,0,,
,9:13.447,199241,N,0,0,0,,
,9:14.611,199660,N,0,0,0,,
,9:15.681,200045,N,0,0,0,,
,9:16.708,200415,N,0,0,0,,
,9:17.756,200792,N,0,0,0,,
,9:18.853,201187,N,0,0,0,,
,9:19.928,201574,N,0,0,0,,
,9:21.031,201971,N,0,0,0,,
,9:22.061,202342,N,0,0,0,,
,9:23.067,202704,N,0,0,0,,
,9:24.094,203074,N,0,0,0,,
,9:25.186,203467,N,0,0,0,,
,9:26.208,203835,N,0,0,0,,
,9:27.261,204214,N,0,0,0,,
,9:28.356,204608,N,0,0,0,,
,9:29.619,205063,N,0,0,0,,
,9:30.819,205495,N,0,0,0,,
,9:31.475,205731,V,0,0,0,,
,9:33.069,206305,N,0,0,0,,
,9:34.178,206704,N,0,0,0,,
,9:35.181,207065,N,0,0,0,,
,9:36.206,207434,N,0,0,0,,
,9:37.253,207811,N,0,0,0,,
,9:38.347,208205,N,0,0,0,,
,9:39.372,208574,N,0,0,0,,
,9:40.358,208929,N,0,0,0,,
,9:41.369,209293,N,0,0,0,,
,9:42.358,209649,N,0,0,0,,
,9:43.378,210016,N,0,0,0,,
,9:44.611,210460,N,0,0,0,,
,9:45.797,210887,N,0,0,0,,
,9:46.847,211265,N,0,0,0,,
,9:47.889,211640,N,0,0,0,,
,9:48.931,212015,N,0,0,0,,
,9:50.011,212404,N,0,0,0,,
,9:51.136,212809,N,0,0,0,,
,9:52.194,213190,N,0,0,0,,
,9:53.186,213547,N,0,0,0,,
,9:54.281,213941,N,0,0,0,,
,9:55.367,214332,N,0,0,0,,
,9:56.417,214710,N,0,0,0,,
,9:57.483,215094,N,0,0,0,,
,9:58.525,215469,N,0,0,0,,
,9:59.547,215837,N,0,0,0,,
,10:00.597,216215,N,0,0,0,,
,10:01.719,216619,N,0,0,0,,
,10:02.761,216994,N,0,0,0,,
,10:03.761,217354,N,0,0,0,,
,10:04.800,217728,N,0,0,0,,
,10:05.758,218073,N,0,0,0,,
,10:06.778,218440,N,0,0,0,,
,10:08.072,218906,N,0,0,0,,
,10:09.403,219385,N,0,0,0,,
,10:10.572,219806,N,0,0,0,,
,10:11.686,220207,N,0,0,0,,
,10:12.769,220597,N,0,0,0,,
,10:13.858,220989,N,0,0,0,,
,10:14.461,221206,V,3,0,0,,
,10:14.742,221307,x,0,0,0,,
,10:15.939,221738,N,0,0,0,,
,10:16.903,222085,N,0,0,0,,
,10:17.908,222447,N,0,0,0,,
,10:18.903,222805,N,0,0,0,,
,10:20.042,223215,N,0,0,0,,
,10:21.289,223664,N,0,0,0,,
,10:22.364,224051,N,0,0,0,,
,10:23.433,224436,N,0,0,0,,
,10:24.503,224821,N,0,0,0,,
,10:25.628,225226,N,0,0,0,,
,10:26.697,225611,N,0,0,0,,
,10:27.775,225999,N,0,0,0,,
,10:28.803,226369,N,0,0,0,,
,10:29.839,226742,N,0,0,0,,
,10:30.911,227128,N,0,0,0,,
,10:32.028,227530,N,0,0,0,,
,10:33.053,227899,N,0,0,0,,
,10:34.094,228274,N,0,0,0,,
,10:35.094,228634,N,0,0,0,,
,10:36.125,229005,N,0,0,0,,
,10:37.167,229380,N,0,0,0,,
,10:38.208,229755,N,0,0,0,,
,10:39.261,230134,N,0,0,0,,
,10:40.225,230481,N,0,0,0,,
,10:41.522,230948,N,0,0,0,,
,10:42.697,231371,N,0,0,0,,
,10:43.842,231783,N,0,0,0,,
,10:44.947,232181,N,0,0,0,,
,10:46.072,232586,N,0,0,0,,
,10:47.122,232964,N,0,0,0,,
,10:48.256,233372,N,0,0,0,,
,10:49.300,233748,N,0,0,0,,
,10:50.381,234137,N,0,0,0,,
,10:51.433,234516,N,0,0,0,,
,10:52.411,234868,N,0,0,0,,
,10:53.417,235230,N,0,0,0,,
,10:54.425,235593,N,0,0,0,,
,10:55.556,236000,N,0,0,0,,
,10:56.611,236380,N,0,0,0,,
,10:57.639,236750,N,0,0,0,,
,10:58.678,237124,N,0,0,0,,
,10:59.686,237487,N,0,0,0,,
,11:00.664,237839,N,0,0,0,,
,11:01.950,238302,N,0,0,0,,
,11:03.339,238802,N,0,0,0,,
,11:04.458,239205,N,0,0,0,,
,11:05.667,239640,N,0,0,0,,
,11:06.733,240024,N,0,0,0,,
,11:07.906,240446,N,0,0,0,,
,11:09.047,240857,N,0,0,0,,
,11:10.056,241220,N,0,0,0,,
,11:11.075,241587,N,0,0,0,,
,11:12.183,241986,N,0,0,0,,
,11:13.292,242385,N,0,0,0,,
,11:14.406,242786,N,0,0,0,,
,11:15.450,243162,N,0,0,0,,
,11:16.442,243519,N,0,0,0,,
,11:17.447,243881,N,0,0,0,,
,11:18.483,244254,N,0,0,0,,
,11:19.597,244655,N,0,0,0,,
,11:20.658,245037,N,0,0,0,,
,11:21.742,245427,N,0,0,0,,
,11:22.728,245782,N,0,0,0,,
,11:23.753,246151,N,0,0,0,,
,11:24.839,246542,N,0,0,0,,
,11:25.967,246948,N,0,0,0,,
,11:27.058,247341,N,0,0,0,,
,11:28.144,247732,N,0,0,0,,
,11:29.206,248114,N,0,0,0,,
,11:30.286,248503,N,0,0,0,,
,11:31.411,248908,N,0,0,0,,
,11:32.533,249312,N,0,0,0,,
,11:33.578,249688,N,0,0,0,,
,11:34.594,250054,N,0,0,0,,
,11:35.653,250435,N,0,0,0,,
,11:36.728,250822,N,0,0,0,,
,11:37.833,251220,N,0,0,0,,
,11:38.906,251606,N,0,0,0,,
,11:39.925,251973,N,0,0,0,,
,11:40.892,252321,N,0,0,0,,
,11:41.883,252678,N,0,0,0,,
,11:42.572,252926,~,2,0,0,,
,11:42.858,253029,N,0,0,0,,
,11:43.942,253419,N,0,0,0,,
,11:45.203,253873,N,0,0,0,,
,11:46.056,254180,~,0,0,0,,
,11:46.275,254259,N,0,0,0,,
,11:47.286,254623,N,0,0,0,,
,11:48.394,255022,N,0,0,0,,
,11:49.478,255412,N,0,0,0,,
,11:50.547,255797,N,0,0,0,,
,11:51.547,256157,N,0,0,0,,
,11:52.517,256506,N,0,0,0,,
,11:53.450,256842,N,0,0,0,,
,11:54.408,257187,N,0,0,0,,
,11:55.597,257615,N,0,0,0,,
,11:56.544,257956,N,0,0,0,,
,11:57.503,258301,N,0,0,0,,
,11:58.414,258629,N,0,0,0,,
,11:59.694,259090,N,0,0,0,,
,12:00.806,259490,N,0,0,0,,
,12:02.028,259930,N,0,0,0,,
,12:03.083,260310,N,0,0,0,,
,12:04.069,260665,N,0,0,0,,
,12:05.050,261018,N,0,0,0,,
,12:06.072,261386,N,0,0,0,,
,12:07.069,261745,N,0,0,0,,
,12:08.094,262114,N,0,0,0,,
,12:09.094,262474,N,0,0,0,,
,12:10.439,262958,N,0,0,0,,
,12:11.089,263192,A,0,0,0,,
,12:12.417,263670,N,0,0,0,,
,12:13.850,264186,N,0,0,0,,
,12:14.875,264555,N,0,0,0,,
,12:15.969,264949,N,0,0,0,,
,12:16.986,265315,N,0,0,0,,
,12:18.003,265681,N,0,0,0,,
,12:19.117,266082,N,0,0,0,,
,12:20.203,266473,N,0,0,0,,
,12:21.244,266848,N,0,0,0,,
,12:22.253,267211,N,0,0,0,,
,12:23.214,267557,N,0,0,0,,
,12:24.253,267931,N,0,0,0,,
,12:25.861,268510,N,0,0,0,,
,12:26.381,268697,V,4,0,0,,
,12:27.156,268976,N,0,0,0,,
,12:28.244,269368,N,0,0,0,,
,12:29.394,269782,N,0,0,0,,
,12:30.489,270176,N,0,0,0,,
,12:31.594,270574,N,0,0,0,,
,12:32.744,270988,N,0,0,0,,
,12:33.814,271373,N,0,0,0,,
,12:34.858,271749,N,0,0,0,,
,12:35.914,272129,N,0,0,0,,
,12:37.000,272520,N,0,0,0,,
,12:38.072,272906,N,0,0,0,,
,12:39.103,273277,N,0,0,0,,
,12:40.092,273633,N,0,0,0,,
,12:41.081,273989,N,0,0,0,,
,12:42.364,274451,N,0,0,0,,
,12:43.594,274894,N,0,0,0,,
,12:44.725,275301,N,0,0,0,,
,12:45.797,275687,N,0,0,0,,
,12:46.811,276052,N,0,0,0,,
,12:47.158,276177,~,2,0,0,,
,12:47.861,276430,N,0,0,0,,
,12:48.933,276816,N,0,0,0,,
,12:49.961,277186,N,0,0,0,,
,12:51.014,277565,N,0,0,0,,
,12:51.958,277905,N,0,0,0,,
,12:52.381,278057,~,0,0,0,,
,12:53.025,278289,N,0,0,0,,
,12:54.047,278657,N,0,0,0,,
,12:55.133,279048,N,0,0,0,,
,12:56.200,279432,N,0,0,0,,
,12:57.203,279793,N,0,0,0,,
,12:58.181,280145,N,0,0,0,,
,12:59.167,280500,N,0,0,0,,
,12:59.208,280515,|,2,0,0,,
,13:00.400,280944,N,0,0,0,,
,13:01.719,281419,N,0,0,0,,
,13:02.958,281865,N,0,0,0,,
,13:04.031,282251,N,0,0,0,,
,13:05.092,282633,N,0,0,0,,
,13:06.194,283030,N,0,0,0,,
,13:07.325,283437,N,0,0,0,,
,13:08.419,283831,N,0,0,0,,
,13:09.503,284221,N,0,0,0,,
,13:10.536,284593,N,0,0,0,,
,13:11.542,284955,N,0,0,0,,
,13:12.639,285350,N,0,0,0,,
,13:13.722,285740,N,0,0,0,,
,13:14.800,286128,N,0,0,0,,
,13:15.822,286496,N,0,0,0,,
,13:16.836,286861,N,0,0,0,,
,13:17.858,287229,N,0,0,0,,
,13:18.928,287614,N,0,0,0,,
,13:19.986,287995,N,0,0,0,,
,13:20.969,288349,N,0,0,0,,
,13:22.058,288741,N,0,0,0,,
,13:23.222,289160,N,0,0,0,,
,13:24.344,289564,N,0,0,0,,
,13:25.400,289944,N,0,0,0,,
,13:26.456,290324,N,0,0,0,,
,13:27.439,290678,N,0,0,0,,
,13:28.403,291025,N,0,0,0,,
,13:29.392,291381,N,0,0,0,,
,13:30.364,291731,N,0,0,0,,
,13:31.406,292106,N,0,0,0,,
,13:32.458,292485,N,0,0,0,,
,13:33.461,292846,N,0,0,0,,
,13:34.086,293071,~,2,0,0,,
,13:34.439,293198,N,0,0,0,,
,13:35.431,293555,N,0,0,0,,
,13:36.497,293939,N,0,0,0,,
,13:37.500,294300,N,0,0,0,,
,13:38.531,294671,N,0,0,0,,
,13:38.886,294799,~,0,0,0,,
,13:39.553,295039,N,0,0,0,,
,13:40.531,295391,N,0,0,0,,
,13:41.497,295739,N,0,0,0,,
,13:42.569,296125,N,0,0,0,,
,13:43.650,296514,N,0,0,0,,
,13:44.725,296901,N,0,0,0,,
,13:45.733,297264,N,0,0,0,,
,13:46.744,297628,N,0,0,0,,
,13:47.728,297982,N,0,0,0,,
,13:48.764,298355,N,0,0,0,,
,13:49.839,298742,N,0,0,0,,
,13:51.011,299164,N,0,0,0,,
,13:52.197,299591,N,0,0,0,,
,13:53.311,299992,N,0,0,0,,
,13:54.389,300380,N,0,0,0,,
,13:55.506,300782,N,0,0,0,,
,13:56.631,301187,N,0,0,0,,
,13:56.728,301222,~,2,0,0,,
,13:57.642,301551,N,0,0,0,,
,13:58.486,301855,~,0,0,0,,
,13:58.603,301897,N,0,0,0,,
,13:59.736,302305,N,0,0,0,,
,14:00.878,302716,N,0,0,0,,
,14:01.986,303115,N,0,0,0,,
,14:03.083,303510,N,0,0,0,,
,14:04.128,303886,N,0,0,0,,
,14:05.142,304251,N,0,0,0,,
,14:06.197,304631,N,0,0,0,,
,14:07.256,305012,N,0,0,0,,
,14:08.256,305372,N,0,0,0,,
,14:09.308,305751,N,0,0,0,,
,14:10.339,306122,N,0,0,0,,
,14:11.881,306677,N,0,0,0,,
,14:12.672,306962,N,0,0,0,,
,14:13.833,307380,N,0,0,0,,
,14:14.942,307779,N,0,0,0,,
,14:16.056,308180,N,0,0,0,,
,14:17.081,308549,N,0,0,0,,
,14:18.139,308930,N,0,0,0,,
,14:19.236,309325,N,0,0,0,,
,14:20.314,309713,N,0,0,0,,
,14:21.328,310078,N,0,0,0,,
,14:22.347,310445,N,0,0,0,,
,14:23.350,310806,N,0,0,0,,
,14:24.344,311164,N,0,0,0,,
,14:25.375,311535,N,0,0,0,,
,14:25.792,311685,~,3,0,0,,
,14:26.631,311987,N,0,0,0,,
,14:27.842,312423,N,0,0,0,,
,14:28.411,312628,~,1,0,0,,
,14:28.994,312838,N,0,0,0,,
,14:29.292,312945,~,0,0,0,,
,14:30.106,313238,N,0,0,0,,
,14:31.250,313650,N,0,0,0,,
,14:32.375,314055,N,0,0,0,,
,14:33.453,314443,N,0,0,0,,
,14:34.492,314817,N,0,0,0,,
,14:35.506,315182,N,0,0,0,,
,14:36.681,315605,N,0,0,0,,
,14:37.769,315997,N,0,0,0,,
,14:38.847,316385,N,0,0,0,,
,14:39.928,316774,N,0,0,0,,
,14:40.939,317138,N,0,0,0,,
,14:42.028,317530,N,0,0,0,,
,14:43.142,317931,N,0,0,0,,
,14:44.231,318323,N,0,0,0,,
,14:45.244,318688,N,0,0,0,,
,14:46.375,319095,N,0,0,0,,
,14:47.408,319467,N,0,0,0,,
,14:48.511,319864,N,0,0,0,,
,14:49.617,320262,N,0,0,0,,
,14:50.733,320664,N,0,0,0,,
,14:51.786,321043,N,0,0,0,,
,14:52.808,321411,N,0,0,0,,
,14:53.861,321790,N,0,0,0,,
,14:54.936,322177,N,0,0,0,,
,14:56.050,322578,N,0,0,0,,
,14:57.092,322953,N,0,0,0,,
,14:58.128,323326,N,0,0,0,,
,14:59.153,323695,N,0,0,0,,
,15:00.214,324077,N,0,0,0,,
,15:01.261,324454,N,0,0,0,,
,15:02.428,324874,N,0,0,0,,
,15:03.486,325255,N,0,0,0,,
,15:04.453,325603,N,0,0,0,,
,15:05.569,326005,N,0,0,0,,
,15:06.644,326392,N,0,0,0,,
,15:07.167,326580,V,3,0,0,,
,15:07.497,326699,x,0,0,0,,
,15:08.781,327161,N,0,0,0,,
,15:09.842,327543,N,0,0,0,,
,15:10.833,327900,N,0,0,0,,
,15:11.853,328267,N,0,0,0,,
,15:12.911,328648,N,0,0,0,,
,15:13.986,329035,N,0,0,0,,
,15:15.003,329401,N,0,0,0,,
,15:15.986,329755,N,0,0,0,,
,15:16.989,330116,N,0,0,0,,
,15:18.025,330489,N,0,0,0,,
,15:19.447,331001,N,0,0,0,,
,15:20.733,331464,N,0,0,0,,
,15:21.856,331868,N,0,0,0,,
,15:22.956,332264,N,0,0,0,,
,15:24.006,332642,N,0,0,0,,
,15:25.111,333040,N,0,0,0,,
,15:26.225,333441,N,0,0,0,,
,15:27.308,333831,N,0,0,0,,
,15:28.306,334190,N,0,0,0,,
,15:28.367,334212,~,2,0,0,,
,15:28.789,334364,~,3,0,0,,
,15:29.369,334573,N,0,0,0,,
,15:30.425,334953,N,0,0,0,,
,15:31.483,335334,N,0,0,0,,
,15:32.561,335722,N,0,0,0,,
,15:33.594,336094,N,0,0,0,,
,15:34.175,336303,~,2,0,0,,
,15:34.531,336431,N,0,0,0,,
,15:34.689,336488,~,0,0,0,,
,15:35.500,336780,N,0,0,0,,
,15:36.544,337156,N,0,0,0,,
,15:37.861,337630,N,0,0,0,,
,15:39.081,338069,N,0,0,0,,
,15:40.244,338488,N,0,0,0,,
,15:41.361,338890,N,0,0,0,,
,15:42.472,339290,N,0,0,0,,
,15:43.628,339706,N,0,0,0,,
,15:44.719,340099,N,0,0,0,,
,15:45.781,340481,N,0,0,0,,
,15:46.806,340850,N,0,0,0,,
,15:47.872,341234,N,0,0,0,,
,15:48.917,341610,N,0,0,0,,
,15:50.042,342015,N,0,0,0,,
,15:51.061,342382,N,0,0,0,,
,15:52.097,342755,N,0,0,0,,
,15:53.089,343112,N,0,0,0,,
,15:54.136,343489,N,0,0,0,,
,15:55.197,343871,N,0,0,0,,
,15:56.253,344251,N,0,0,0,,
,15:57.336,344641,N,0,0,0,,
,15:58.831,345179,N,0,0,0,,
,16:00.064,345623,N,0,0,0,,
,16:01.256,346052,N,0,0,0,,
,16:02.353,346447,N,0,0,0,,
,16:03.481,346853,N,0,0,0,,
,16:04.489,347216,N,0,0,0,,
,16:05.514,347585,N,0,0,0,,
,16:06.600,347976,N,0,0,0,,
,16:07.686,348367,N,0,0,0,,
,16:08.756,348752,N,0,0,0,,
,16:09.803,349129,N,0,0,0,,
,16:10.808,349491,N,0,0,0,,
,16:11.819,349855,N,0,0,0,,
,16:12.889,350240,N,0,0,0,,
,16:13.989,350636,N,0,0,0,,
,16:15.025,351009,N,0,0,0,,
,16:16.108,351399,N,0,0,0,,
,16:17.122,351764,N,0,0,0,,
,16:18.161,352138,N,0,0,0,,
,16:19.253,352531,N,0,0,0,,
,16:20.336,352921,N,0,0,0,,
,16:21.375,353295,N,0,0,0,,
,16:22.386,353659,N,0,0,0,,
,16:23.442,354039,N,0,0,0,,
,16:24.517,354426,N,0,0,0,,
,16:25.614,354821,N,0,0,0,,
,16:26.750,355230,N,0,0,0,,
,16:27.789,355604,N,0,0,0,,
,16:28.825,355977,N,0,0,0,,
,16:29.897,356363,N,0,0,0,,
,16:30.992,356757,N,0,0,0,,
,16:32.089,357152,N,0,0,0,,
,16:33.125,357525,N,0,0,0,,
,16:34.164,357899,N,0,0,0,,
,16:35.244,358288,N,0,0,0,,
,16:36.344,358684,N,0,0,0,,
,16:37.464,359087,N,0,0,0,,
,16:38.614,359501,N,0,0,0,,
,16:39.653,359875,N,0,0,0,,
,16:40.722,360260,N,0,0,0,,
,16:41.833,360660,N,0,0,0,,
,16:42.917,361050,N,0,0,0,,
,16:44.033,361452,N,0,0,0,,
,16:45.150,361854,N,0,0,0,,
,16:46.208,362235,N,0,0,0,,
,16:47.300,362628,N,0,0,0,,
,16:48.333,363000,N,0,0,0,,
,16:49.464,363407,N,0,0,0,,
,16:50.578,363808,N,0,0,0,,
,16:51.619,364183,N,0,0,0,,
,16:52.653,364555,N,0,0,0,,
,16:53.697,364931,N,0,0,0,,
,16:54.761,365314,N,0,0,0,,
,16:55.828,365698,N,0,0,0,,
,16:56.917,366090,N,0,0,0,,
,16:57.647,366353,~,2,0,0,,
,16:57.925,366453,N,0,0,0,,
,16:58.917,366810,N,0,0,0,,
,16:59.958,367185,N,0,0,0,,
,17:01.006,367562,N,0,0,0,,
,17:01.967,367908,N,0,0,0,,
,17:03.053,368299,N,0,0,0,,
,17:04.014,368645,N,0,0,0,,
,17:05.008,369003,N,0,0,0,,
,17:06.294,369466,N,0,0,0,,
,17:07.517,369906,N,0,0,0,,
,17:08.642,370311,N,0,0,0,,
,17:09.625,370665,N,0,0,0,,
,17:10.719,371059,N,0,0,0,,
,17:11.747,371429,N,0,0,0,,
,17:12.842,371823,N,0,0,0,,
,17:13.964,372227,N,0,0,0,,
,17:15.044,372616,N,0,0,0,,
,17:16.047,372977,N,0,0,0,,
,17:17.089,373352,N,0,0,0,,
,17:17.547,373517,~,0,0,0,,
,17:18.094,373714,N,0,0,0,,
,17:19.169,374101,N,0,0,0,,
,17:20.233,374484,N,0,0,0,,
,17:21.256,374852,N,0,0,0,,
,17:22.219,375199,N,0,0,0,,
,17:23.206,375554,N,0,0,0,,
,17:24.269,375937,N,0,0,0,,
,17:25.431,376355,N,0,0,0,,
,17:26.503,376741,N,0,0,0,,
,17:27.522,377108,N,0,0,0,,
,17:28.469,377449,N,0,0,0,,
,17:29.414,377789,N,0,0,0,,
,17:30.397,378143,N,0,0,0,,
,17:31.372,378494,N,0,0,0,,
,17:32.344,378844,N,0,0,0,,
,17:33.292,379185,N,0,0,0,,
,17:33.764,379355,~,2,0,0,,
,17:34.239,379526,N,0,0,0,,
,17:35.161,379858,N,0,0,0,,
,17:36.119,380203,N,0,0,0,,
,17:37.094,380554,N,0,0,0,,
,17:38.044,380896,N,0,0,0,,
,17:38.981,381233,N,0,0,0,,
,17:39.894,381562,N,0,0,0,,
,17:40.794,381886,N,0,0,0,,
,17:41.692,382209,N,0,0,0,,
,17:42.639,382550,N,0,0,0,,
,17:43.642,382911,N,0,0,0,,
,17:44.603,383257,N,0,0,0,,
,17:45.553,383599,N,0,0,0,,
,17:46.481,383933,N,0,0,0,,
,17:47.431,384275,N,0,0,0,,
,17:48.378,384616,N,0,0,0,,
,17:49.356,384968,N,0,0,0,,
,17:50.328,385318,N,0,0,0,,
,17:51.239,385646,N,0,0,0,,
,17:52.142,385971,N,0,0,0,,
,17:53.031,386291,N,0,0,0,,
,17:53.972,386630,N,0,0,0,,
,17:54.903,386965,N,0,0,0,,
,17:55.847,387305,N,0,0,0,,
,17:56.789,387644,N,0,0,0,,
,17:57.633,387948,N,0,0,0,,
,17:58.522,388268,N,0,0,0,,
,17:59.389,388580,N,0,0,0,,
,18:00.300,388908,N,0,0,0,,
,18:01.200,389232,N,0,0,0,,
,18:02.092,389553,N,0,0,0,,
,18:03.008,389883,N,0,0,0,,
,18:03.892,390201,N,0,0,0,,
,18:04.728,390502,N,0,0,0,,
,18:05.681,390845,N,0,0,0,,
,18:06.650,391194,N,0,0,0,,
,18:07.650,391554,N,0,0,0,,
,18:08.589,391892,N,0,0,0,,
,18:09.528,392230,N,0,0,0,,
,18:10.431,392555,N,0,0,0,,
,18:11.242,392847,F,0,0,0,,
,18:11.822,393056,V,4,0,0,,
,18:12.000,393120,x,0,0,0,,
,18:13.114,393521,N,0,0,0,,
,18:14.028,393850,N,0,0,0,,
,18:14.883,394158,N,0,0,0,,
,18:15.667,394440,N,0,0,0,,
,18:16.533,394752,N,0,0,0,,
,18:17.078,394948,~,0,0,0,,
,18:17.403,395065,N,0,0,0,,
,18:18.244,395368,N,0,0,0,,
,18:19.131,395687,N,0,0,0,,
,18:20.011,396004,N,0,0,0,,
,18:20.869,396313,N,0,0,0,,
,18:21.717,396618,N,0,0,0,,
,18:22.550,396918,N,0,0,0,,
,18:23.428,397234,N,0,0,0,,
,18:24.331,397559,N,0,0,0,,
,18:25.314,397913,N,0,0,0,,
,18:26.272,398258,N,0,0,0,,
,18:27.194,398590,N,0,0,0,,
,18:28.103,398917,N,0,0,0,,
,18:28.975,399231,N,0,0,0,,
,18:29.947,399581,N,0,0,0,,
,18:30.392,399741,|,2,0,0,,
,18:30.900,399924,N,0,0,0,,
,18:31.794,400246,N,0,0,0,,
,18:32.733,400584,N,0,0,0,,
,18:33.703,400933,N,0,0,0,,
,18:34.592,401253,N,0,0,0,,
,18:35.569,401605,N,0,0,0,,
,18:36.617,401982,N,0,0,0,,
,18:37.636,402349,N,0,0,0,,
,18:38.550,402678,N,0,0,0,,
,18:39.503,403021,N,0,0,0,,
,18:40.431,403355,N,0,0,0,,
,18:41.389,403700,N,0,0,0,,
,18:42.394,404062,N,0,0,0,,
,18:43.422,404432,N,0,0,0,,
,18:44.433,404796,N,0,0,0,,
,18:45.308,405111,N,0,0,0,,
,18:46.211,405436,N,0,0,0,,
,18:46.689,405608,|,2,0,0,,
,18:47.186,405787,N,0,0,0,,
,18:48.069,406105,N,0,0,0,,
,18:49.367,406572,N,0,0,0,,
,18:50.392,406941,N,0,0,0,,
,18:51.358,407289,N,0,0,0,,
,18:52.303,407629,N,0,0,0,,
,18:53.717,408138,N,0,0,0,,
,18:54.856,408548,N,0,0,0,,
,18:55.897,408923,N,0,0,0,,
,18:56.936,409297,N,0,0,0,,
,18:57.822,409616,N,0,0,0,,
,18:58.728,409942,N,0,0,0,,
,18:59.681,410285,N,0,0,0,,
,19:00.806,410690,N,0,0,0,,
,19:01.833,411060,N,0,0,0,,
,19:03.067,411504,N,0,0,0,,
,19:04.011,411844,N,0,0,0,,
,19:04.972,412190,N,0,0,0,,
,19:06.000,412560,N,0,0,0,,
,19:07.103,412957,N,0,0,0,,
,19:08.644,413512,N,0,0,0,,
,19:09.881,413957,N,0,0,0,,
,19:11.036,414373,N,0,0,0,,
,19:12.106,414758,N,0,0,0,,
,19:13.194,415150,N,0,0,0,,
,19:14.264,415535,N,0,0,0,,
,19:15.194,415870,N,0,0,0,,
,19:16.189,416228,N,0,0,0,,
,19:17.439,416678,N,0,0,0,,
,19:17.783,416802,~,1,0,0,,
,19:18.400,417024,N,0,0,0,,
,19:19.469,417409,N,0,0,0,,
,19:20.683,417846,N,0,0,0,,
,19:21.661,418198,N,0,0,0,,
,19:22.719,418579,N,0,0,0,,
,19:23.789,418964,N,0,0,0,,
,19:24.883,419358,N,0,0,0,,
,19:26.003,419761,N,0,0,0,,
,19:27.067,420144,N,0,0,0,,
,19:28.097,420515,N,0,0,0,,
,19:29.014,420845,N,0,0,0,,
,19:30.144,421252,N,0,0,0,,
,19:31.303,421669,N,0,0,0,,
,19:31.572,421766,~,0,0,0,,
,19:32.658,422157,N,0,0,0,,
,19:33.678,422524,N,0,0,0,,
,19:34.781,422921,N,0,0,0,,
,19:35.875,423315,N,0,0,0,,
,19:37.017,423726,N,0,0,0,,
,19:38.097,424115,N,0,0,0,,
,19:39.181,424505,N,0,0,0,,
,19:40.169,424861,N,0,0,0,,
,19:41.233,425244,N,0,0,0,,
,19:42.297,425627,N,0,0,0,,
,19:43.389,426020,N,0,0,0,,
,19:44.578,426448,N,0,0,0,,
,19:46.289,427064,N,0,0,0,,
,19:47.300,427428,N,0,0,0,,
,19:48.444,427840,N,0,0,0,,
,19:49.556,428240,N,0,0,0,,
,19:50.725,428661,N,0,0,0,,
,19:51.775,429039,N,0,0,0,,
,19:52.036,429133,~,3,0,0,,
,19:52.767,429396,N,0,0,0,,
,19:53.667,429720,~,0,0,0,,
,19:53.797,429767,N,0,0,0,,
,19:54.933,430176,N,0,0,0,,
,19:56.008,430563,N,0,0,0,,
,19:57.089,430952,N,0,0,0,,
,19:58.594,431494,N,0,0,0,,
,19:59.939,431978,N,0,0,0,,
,20:01.169,432421,N,0,0,0,,
,20:02.264,432815,N,0,0,0,,
,20:03.314,433193,N,0,0,0,,
,20:04.339,433562,N,0,0,0,,
,20:05.339,433922,N,0,0,0,,
,20:06.425,434313,N,0,0,0,,
,20:07.500,434700,N,0,0,0,,
,20:08.592,435093,N,0,0,0,,
,20:10.158,435657,j,0,0,0,,
,20:11.303,436069,N,0,0,0,,
,20:12.414,436469,N,0,0,0,,
,20:13.575,436887,N,0,0,0,,
,20:14.708,437295,N,0,0,0,,
,20:15.411,437548,~,3,0,0,,
,20:15.736,437665,N,0,0,0,,
,20:16.747,438029,N,0,0,0,,
,20:17.775,438399,N,0,0,0,,
,20:18.778,438760,N,0,0,0,,
,20:19.814,439133,N,0,0,0,,
,20:20.967,439548,N,0,0,0,,
,20:22.186,439987,N,0,0,0,,
,20:23.400,440424,N,0,0,0,,
,20:24.603,440857,N,0,0,0,,
,20:25.725,441261,N,0,0,0,,
,20:26.792,441645,N,0,0,0,,
,20:27.856,442028,N,0,0,0,,
,20:28.878,442396,N,0,0,0,,
,20:29.864,442751,N,0,0,0,,
,20:30.931,443135,N,0,0,0,,
,20:31.972,443510,N,0,0,0,,
,20:32.981,443873,N,0,0,0,,
,20:33.964,444227,N,0,0,0,,
,20:34.997,444599,N,0,0,0,,
,20:35.989,444956,N,0,0,0,,
,20:37.106,445358,N,0,0,0,,
,20:38.186,445747,N,0,0,0,,
,20:39.225,446121,N,0,0,0,,
,20:40.214,446477,N,0,0,0,,
,20:41.214,446837,N,0,0,0,,
,20:42.203,447193,N,0,0,0,,
,20:43.300,447588,N,0,0,0,,
,20:44.606,448058,N,0,0,0,,
,20:45.558,448401,N,0,0,0,,
,20:46.536,448753,N,0,0,0,,
,20:47.564,449123,N,0,0,0,,
,20:48.578,449488,N,0,0,0,,
,20:49.614,449861,N,0,0,0,,
,20:50.619,450223,N,0,0,0,,
,20:51.575,450567,N,0,0,0,,
,20:52.522,450908,N,0,0,0,,
,20:53.472,451250,N,0,0,0,,
,20:54.481,451613,N,0,0,0,,
,20:55.472,451970,N,0,0,0,,
,20:56.447,452321,N,0,0,0,,
,20:56.789,452444,~,2,0,0,,
,20:57.356,452648,N,0,0,0,,
,20:58.269,452977,N,0,0,0,,
,20:59.242,453327,N,0,0,0,,
,21:00.181,453665,N,0,0,0,,
,21:01.183,454026,N,0,0,0,,
,21:02.117,454362,N,0,0,0,,
,21:03.089,454712,N,0,0,0,,
,21:04.025,455049,N,0,0,0,,
,21:04.906,455366,N,0,0,0,,
,21:05.878,455716,N,0,0,0,,
,21:06.839,456062,N,0,0,0,,
,21:07.839,456422,N,0,0,0,,
,21:08.778,456760,N,0,0,0,,
,21:09.661,457078,N,0,0,0,,
,21:10.161,457258,V,4,0,0,,
,21:11.533,457752,N,0,0,0,,
,21:12.489,458096,N,0,0,0,,
,21:13.483,458454,N,0,0,0,,
,21:14.461,458806,N,0,0,0,,
,21:15.381,459137,N,0,0,0,,
,21:16.253,459451,N,0,0,0,,
,21:17.181,459785,N,0,0,0,,
,21:18.156,460136,N,0,0,0,,
,21:19.158,460497,N,0,0,0,,
,21:20.156,460856,N,0,0,0,,
,21:21.156,461216,N,0,0,0,,
,21:22.097,461555,N,0,0,0,,
,21:23.053,461899,N,0,0,0,,
,21:23.997,462239,N,0,0,0,,
,21:25.006,462602,N,0,0,0,,
,21:25.942,462939,N,0,0,0,,
,21:26.908,463287,N,0,0,0,,
,21:27.844,463624,N,0,0,0,,
,21:28.697,463931,N,0,0,0,,
,21:29.608,464259,N,0,0,0,,
,21:30.575,464607,N,0,0,0,,
,21:31.561,464962,N,0,0,0,,
,21:32.528,465310,N,0,0,0,,
,21:33.475,465651,N,0,0,0,,
,21:34.428,465994,N,0,0,0,,
,21:35.325,466317,N,0,0,0,,
,21:36.258,466653,N,0,0,0,,
,21:37.256,467012,N,0,0,0,,
,21:38.183,467346,N,0,0,0,,
,21:39.078,467668,N,0,0,0,,
,21:39.958,467985,N,0,0,0,,
,21:40.839,468302,N,0,0,0,,
,21:41.714,468617,N,0,0,0,,
,21:42.664,468959,N,0,0,0,,
,21:43.656,469316,N,0,0,0,,
,21:44.553,469639,N,0,0,0,,
,21:45.494,469978,N,0,0,0,,
,21:45.936,470137,~,0,0,0,,
,21:46.447,470321,N,0,0,0,,
,21:47.342,470643,N,0,0,0,,
,21:48.283,470982,N,0,0,0,,
,21:49.211,471316,N,0,0,0,,
,21:50.153,471655,N,0,0,0,,
,21:51.069,471985,N,0,0,0,,
,21:51.958,472305,N,0,0,0,,
,21:52.783,472602,N,0,0,0,,
,21:53.664,472919,N,0,0,0,,
,21:54.575,473247,N,0,0,0,,
,21:55.492,473577,N,0,0,0,,
,21:56.361,473890,N,0,0,0,,
,21:57.272,474218,N,0,0,0,,
,21:58.150,474534,N,0,0,0,,
,21:59.011,474844,N,0,0,0,,
,21:59.919,475171,N,0,0,0,,
,22:00.861,475510,N,0,0,0,,
,22:01.800,475848,N,0,0,0,,
,22:02.675,476163,N,0,0,0,,
,22:03.594,476494,N,0,0,0,,
,22:04.481,476813,N,0,0,0,,
,22:05.311,477112,N,0,0,0,,
,22:06.239,477446,N,0,0,0,,
,22:07.194,477790,N,0,0,0,,
,22:08.175,478143,N,0,0,0,,
,22:09.067,478464,N,0,0,0,,
,22:09.983,478794,N,0,0,0,,
,22:10.897,479123,N,0,0,0,,
,22:11.794,479446,N,0,0,0,,
,22:12.761,479794,N,0,0,0,,
,22:13.769,480157,N,0,0,0,,
,22:14.733,480504,N,0,0,0,,
,22:15.653,480835,N,0,0,0,,
,22:16.564,481163,N,0,0,0,,
,22:17.514,481505,N,0,0,0,,
,22:18.436,481837,N,0,0,0,,
,22:19.419,482191,N,0,0,0,,
,22:20.408,482547,N,0,0,0,,
,22:21.347,482885,N,0,0,0,,
,22:22.217,483198,N,0,0,0,,
,22:23.119,483523,N,0,0,0,,
,22:24.031,483851,N,0,0,0,,
,22:24.989,484196,N,0,0,0,,
,22:25.933,484536,N,0,0,0,,
,22:26.825,484857,N,0,0,0,,
,22:27.758,485193,N,0,0,0,,
,22:28.658,485517,N,0,0,0,,
,22:29.556,485840,N,0,0,0,,
,22:30.508,486183,N,0,0,0,,
,22:31.475,486531,N,0,0,0,,
,22:32.414,486869,N,0,0,0,,
,22:33.314,487193,N,0,0,0,,
,22:34.239,487526,N,0,0,0,,
,22:35.136,487849,N,0,0,0,,
,22:36.056,488180,N,0,0,0,,
,22:37.053,488539,N,0,0,0,,
,22:38.000,488880,N,0,0,0,,
,22:38.919,489211,N,0,0,0,,
,22:39.933,489576,N,0,0,0,,
,22:40.867,489912,N,0,0,0,,
,22:41.842,490263,N,0,0,0,,
,22:42.758,490593,N,0,0,0,,
,22:43.325,490797,V,4,0,0,,
,22:43.606,490898,x,0,0,0,,
,22:44.828,491338,N,0,0,0,,
,22:45.686,491647,N,0,0,0,,
,22:46.575,491967,N,0,0,0,,
,22:47.506,492302,N,0,0,0,,
,22:48.406,492626,N,0,0,0,,
,22:49.294,492946,N,0,0,0,,
,22:50.256,493292,N,0,0,0,,
,22:51.142,493611,N,0,0,0,,
,22:51.947,493901,N,0,0,0,,
,22:52.778,494200,N,0,0,0,,
,22:53.675,494523,N,0,0,0,,
,22:54.592,494853,N,0,0,0,,
,22:55.550,495198,N,0,0,0,,
,22:56.478,495532,N,0,0,0,,
,22:57.414,495869,N,0,0,0,,
,22:58.253,496171,N,0,0,0,,
,22:59.106,496478,N,0,0,0,,
,22:59.992,496797,N,0,0,0,,
,23:00.936,497137,N,0,0,0,,
,23:01.886,497479,N,0,0,0,,
,23:02.814,497813,N,0,0,0,,
,23:03.750,498150,N,0,0,0,,
,23:04.639,498470,N,0,0,0,,
,23:05.531,498791,N,0,0,0,,
,23:06.442,499119,N,0,0,0,,
,23:07.367,499452,N,0,0,0,,
,23:08.292,499785,N,0,0,0,,
,23:09.181,500105,N,0,0,0,,
,23:10.039,500414,N,0,0,0,,
,23:10.936,500737,N,0,0,0,,
,23:11.844,501064,N,0,0,0,,
,23:12.786,501403,N,0,0,0,,
,23:13.753,501751,N,0,0,0,,
,23:14.667,502080,N,0,0,0,,
,23:15.606,502418,N,0,0,0,,
,23:16.464,502727,N,0,0,0,,
,23:17.436,503077,N,0,0,0,,
,23:18.411,503428,N,0,0,0,,
,23:19.344,503764,N,0,0,0,,
,23:20.350,504126,N,0,0,0,,
,23:21.322,504476,N,0,0,0,,
,23:22.256,504812,N,0,0,0,,
,23:23.153,505135,N,0,0,0,,
,23:24.142,505491,N,0,0,0,,
,23:25.097,505835,N,0,0,0,,
,23:26.069,506185,N,0,0,0,,
,23:27.072,506546,N,0,0,0,,
,23:27.953,506863,N,0,0,0,,
,23:28.889,507200,N,0,0,0,,
,23:29.892,507561,N,0,0,0,,
,23:30.925,507933,N,0,0,0,,
,23:31.850,508266,N,0,0,0,,
,23:32.850,508626,N,0,0,0,,
,23:33.800,508968,N,0,0,0,,
,23:34.700,509292,N,0,0,0,,
,23:35.642,509631,N,0,0,0,,
,23:36.119,509803,V,4,0,0,,
,23:37.592,510333,N,0,0,0,,
,23:38.553,510679,N,0,0,0,,
,23:39.419,510991,N,0,0,0,,
,23:40.344,511324,N,0,0,0,,
,23:41.322,511676,N,0,0,0,,
,23:42.225,512001,N,0,0,0,,
,23:43.200,512352,N,0,0,0,,
,23:44.242,512727,N,0,0,0,,
,23:45.153,513055,N,0,0,0,,
,23:46.100,513396,N,0,0,0,,
,23:47.022,513728,N,0,0,0,,
,23:48.078,514108,N,0,0,0,,
,23:49.064,514463,N,0,0,0,,
,23:50.097,514835,N,0,0,0,,
,23:51.075,515187,N,0,0,0,,
,23:52.008,515523,N,0,0,0,,
,23:52.981,515873,N,0,0,0,,
,23:53.939,516218,N,0,0,0,,
,23:55.008,516603,N,0,0,0,,
,23:56.039,516974,N,0,0,0,,
,23:57.006,517322,N,0,0,0,,
,23:57.956,517664,N,0,0,0,,
,23:58.953,518023,N,0,0,0,,
,23:59.906,518366,N,0,0,0,,
,24:00.964,518747,N,0,0,0,,
,24:01.939,519098,N,0,0,0,,
,24:02.886,519439,N,0,0,0,,
,24:03.819,519775,N,0,0,0,,
,24:04.828,520138,N,0,0,0,,
,24:05.711,520456,N,0,0,0,,
,24:06.667,520800,N,0,0,0,,
,24:07.733,521184,N,0,0,0,,
,24:08.656,521516,N,0,0,0,,
,24:09.658,521877,N,0,0,0,,
,24:10.642,522231,N,0,0,0,,
,24:11.561,522562,N,0,0,0,,
,24:12.719,522979,N,0,0,0,,
,24:13.769,523357,N,0,0,0,,
,24:14.800,523728,N,0,0,0,,
,24:15.828,524098,N,0,0,0,,
,24:16.833,524460,N,0,0,0,,
,24:17.786,524803,N,0,0,0,,
,24:18.839,525182,N,0,0,0,,
,24:19.803,525529,N,0,0,0,,
,24:20.831,525899,N,0,0,0,,
,24:21.750,526230,N,0,0,0,,
,24:22.269,526417,V,5,0,0,,
,24:22.589,526532,x,0,0,0,,
,24:23.758,526953,N,0,0,0,,
,24:24.794,527326,N,0,0,0,,
,24:25.697,527651,N,0,0,0,,
,24:26.739,528026,N,0,0,0,,
,24:27.350,528246,A,0,0,0,,
,24:28.767,528756,N,0,0,0,,
,24:29.333,528960,A,0,0,0,,
,24:30.525,529389,N,0,0,0,,
,24:31.561,529762,N,0,0,0,,
,24:32.539,530114,N,0,0,0,,
,24:33.522,530468,N,0,0,0,,
,24:34.508,530823,N,0,0,0,,
,24:35.397,531143,N,0,0,0,,
,24:36.481,531533,N,0,0,0,,
,24:37.489,531896,N,0,0,0,,
,24:38.447,532241,N,0,0,0,,
,24:39.475,532611,N,0,0,0,,
,24:40.478,532972,N,0,0,0,,
,24:41.500,533340,N,0,0,0,,
,24:42.492,533697,N,0,0,0,,
,24:43.531,534071,N,0,0,0,,
,24:44.558,534441,N,0,0,0,,
,24:45.575,534807,N,0,0,0,,
,24:46.572,535166,N,0,0,0,,
,24:47.533,535512,N,0,0,0,,
,24:48.553,535879,N,0,0,0,,
,24:49.533,536232,N,0,0,0,,
,24:50.558,536601,N,0,0,0,,
,24:51.567,536964,N,0,0,0,,
,24:52.483,537294,N,0,0,0,,
,24:53.467,537648,N,0,0,0,,
,24:54.503,538021,N,0,0,0,,
,24:55.500,538380,N,0,0,0,,
,24:56.569,538765,N,0,0,0,,
,24:57.539,539114,N,0,0,0,,
,24:58.492,539457,N,0,0,0,,
,24:59.417,539790,N,0,0,0,,
,25:00.408,540147,N,0,0,0,,
,25:01.417,540510,N,0,0,0,,
,25:02.472,540890,N,0,0,0,,
,25:03.394,541222,N,0,0,0,,
,25:04.364,541571,N,0,0,0,,
,25:05.322,541916,N,0,0,0,,
,25:06.322,542276,N,0,0,0,,
,25:07.294,542626,N,0,0,0,,
,25:08.333,543000,N,0,0,0,,
,25:09.353,543367,N,0,0,0,,
,25:10.308,543711,N,0,0,0,,
,25:11.356,544088,N,0,0,0,,
,25:12.403,544465,N,0,0,0,,
,25:13.422,544832,N,0,0,0,,
,25:14.481,545213,N,0,0,0,,
,25:15.414,545549,N,0,0,0,,
,25:16.431,545915,N,0,0,0,,
,25:17.444,546280,N,0,0,0,,
,25:18.561,546682,N,0,0,0,,
,25:19.525,547029,N,0,0,0,,
,25:20.581,547409,N,0,0,0,,
,25:21.525,547749,N,0,0,0,,
,25:22.542,548115,N,0,0,0,,
,25:23.506,548462,N,0,0,0,,
,25:24.681,548885,N,0,0,0,,
,25:25.758,549273,N,0,0,0,,
,25:26.819,549655,N,0,0,0,,
,25:27.894,550042,N,0,0,0,,
,25:28.894,550402,N,0,0,0,,
,25:29.864,550751,N,0,0,0,,
,25:31.028,551170,N,0,0,0,,
,25:32.053,551539,N,0,0,0,,
,25:33.061,551902,N,0,0,0,,
,25:34.142,552291,N,0,0,0,,
,25:35.094,552634,N,0,0,0,,
,25:36.400,553104,N,0,0,0,,
,25:37.708,553575,N,0,0,0,,
,25:38.825,553977,N,0,0,0,,
,25:39.806,554330,N,0,0,0,,
,25:40.872,554714,N,0,0,0,,
,25:41.911,555088,N,0,0,0,,
,25:42.961,555466,N,0,0,0,,
,25:44.067,555864,N,0,0,0,,
,25:45.028,556210,N,0,0,0,,
,25:46.042,556575,N,0,0,0,,
,25:47.253,557011,N,0,0,0,,
,25:48.528,557470,N,0,0,0,,
,25:49.678,557884,N,0,0,0,,
,25:50.839,558302,N,0,0,0,,
,25:51.858,558669,N,0,0,0,,
,25:52.922,559052,N,0,0,0,,
,25:53.928,559414,N,0,0,0,,
,25:55.131,559847,N,0,0,0,,
,25:56.214,560237,N,0,0,0,,
,25:57.292,560625,N,0,0,0,,
,25:58.314,560993,N,0,0,0,,
,25:59.339,561362,N,0,0,0,,
,26:00.386,561739,N,0,0,0,,
,26:01.547,562157,N,0,0,0,,
,26:02.661,562558,N,0,0,0,,
,26:03.750,562950,N,0,0,0,,
,26:04.769,563317,N,0,0,0,,
,26:05.850,563706,N,0,0,0,,
,26:06.906,564086,N,0,0,0,,
,26:07.967,564468,N,0,0,0,,
,26:09.017,564846,N,0,0,0,,
,26:10.033,565212,N,0,0,0,,
,26:11.033,565572,N,0,0,0,,
,26:12.089,565952,N,0,0,0,,
,26:13.075,566307,N,0,0,0,,
,26:14.094,566674,N,0,0,0,,
,26:15.100,567036,N,0,0,0,,
,26:16.069,567385,N,0,0,0,,
,26:17.089,567752,N,0,0,0,,
,26:18.081,568109,N,0,0,0,,
,26:19.294,568546,N,0,0,0,,
,26:20.494,568978,N,0,0,0,,
,26:21.492,569337,N,0,0,0,,
,26:22.561,569722,N,0,0,0,,
,26:23.597,570095,N,0,0,0,,
,26:24.575,570447,N,0,0,0,,
,26:25.653,570835,N,0,0,0,,
,26:26.597,571175,N,0,0,0,,
,26:27.522,571508,N,0,0,0,,
,26:28.628,571906,N,0,0,0,,
,26:29.542,572235,N,0,0,0,,
,26:30.728,572662,N,0,0,0,,
,26:31.769,573037,N,0,0,0,,
,26:32.692,573369,N,0,0,0,,
,26:33.694,573730,N,0,0,0,,
,26:34.631,574067,N,0,0,0,,
,26:35.569,574405,N,0,0,0,,
,26:36.608,574779,N,0,0,0,,
,26:37.736,575185,N,0,0,0,,
,26:38.681,575525,N,0,0,0,,
,26:39.744,575908,N,0,0,0,,
,26:40.772,576278,N,0,0,0,,
,26:41.722,576620,N,0,0,0,,
,26:42.833,577020,N,0,0,0,,
,26:43.872,577394,N,0,0,0,,
,26:44.953,577783,N,0,0,0,,
,26:45.844,578104,N,0,0,0,,
,26:46.869,578473,N,0,0,0,,
,26:47.917,578850,N,0,0,0,,
,26:48.872,579194,N,0,0,0,,
,26:49.978,579592,N,0,0,0,,
,26:50.931,579935,N,0,0,0,,
,26:51.914,580289,N,0,0,0,,
,26:52.831,580619,N,0,0,0,,
,26:53.317,580794,V,4,0,0,,
,26:53.533,580872,x,0,0,0,,
,26:54.756,581312,N,0,0,0,,
,26:55.681,581645,N,0,0,0,,
,26:56.567,581964,N,0,0,0,,
,26:57.603,582337,N,0,0,0,,
,26:58.497,582659,N,0,0,0,,
,26:59.431,582995,N,0,0,0,,
,27:00.378,583336,N,0,0,0,,
,27:01.503,583741,N,0,0,0,,
,27:02.400,584064,N,0,0,0,,
,27:03.356,584408,N,0,0,0,,
,27:04.403,584785,N,0,0,0,,
,27:05.292,585105,N,0,0,0,,
,27:06.242,585447,N,0,0,0,,
,27:07.328,585838,N,0,0,0,,
,27:08.372,586214,N,0,0,0,,
,27:09.272,586538,N,0,0,0,,
,27:10.381,586937,N,0,0,0,,
,27:11.347,587285,N,0,0,0,,
,27:12.303,587629,N,0,0,0,,
,27:13.414,588029,N,0,0,0,,
,27:14.400,588384,N,0,0,0,,
,27:15.417,588750,N,0,0,0,,
,27:16.281,589061,N,0,0,0,,
,27:17.275,589419,N,0,0,0,,
,27:18.219,589759,N,0,0,0,,
,27:19.286,590143,N,0,0,0,,
,27:20.253,590491,N,0,0,0,,
,27:21.206,590834,N,0,0,0,,
,27:22.181,591185,N,0,0,0,,
,27:23.072,591506,N,0,0,0,,
,27:24.019,591847,N,0,0,0,,
,27:25.097,592235,N,0,0,0,,
,27:26.042,592575,N,0,0,0,,
,27:27.047,592937,N,0,0,0,,
,27:28.000,593280,N,0,0,0,,
,27:28.986,593635,N,0,0,0,,
,27:29.989,593996,N,0,0,0,,
,27:30.942,594339,N,0,0,0,,
,27:31.286,594463,~,3,0,0,,
,27:32.019,594727,N,0,0,0,,
,27:32.969,595069,N,0,0,0,,
,27:33.933,595416,N,0,0,0,,
,27:34.828,595738,N,0,0,0,,
,27:35.778,596080,N,0,0,0,,
,27:36.808,596451,N,0,0,0,,
,27:37.800,596808,N,0,0,0,,
,27:38.772,597158,N,0,0,0,,
,27:39.700,597492,N,0,0,0,,
,27:40.622,597824,N,0,0,0,,
,27:41.633,598188,N,0,0,0,,
,27:42.628,598546,N,0,0,0,,
,27:43.606,598898,N,0,0,0,,
,27:44.150,599094,|,2,0,0,,
,27:44.689,599288,N,0,0,0,,
,27:45.658,599637,N,0,0,0,,
,27:46.658,599997,N,0,0,0,,
,27:47.661,600358,N,0,0,0,,
,27:48.736,600745,N,0,0,0,,
,27:49.747,601109,N,0,0,0,,
,27:50.792,601485,N,0,0,0,,
,27:51.742,601827,N,0,0,0,,
,27:52.700,602172,N,0,0,0,,
,27:53.694,602530,N,0,0,0,,
,27:54.750,602910,N,0,0,0,,
,27:55.764,603275,N,0,0,0,,
,27:56.747,603629,N,0,0,0,,
,27:57.711,603976,N,0,0,0,,
,27:58.631,604307,N,0,0,0,,
,27:59.597,604655,N,0,0,0,,
,28:00.608,605019,N,0,0,0,,
,28:01.631,605387,N,0,0,0,,
,28:02.625,605745,N,0,0,0,,
,28:03.556,606080,N,0,0,0,,
,28:04.506,606422,N,0,0,0,,
,28:05.425,606753,N,0,0,0,,
,28:06.392,607101,N,0,0,0,,
,28:07.369,607453,N,0,0,0,,
,28:08.331,607799,N,0,0,0,,
,28:09.225,608121,N,0,0,0,,
,28:10.108,608439,N,0,0,0,,
,28:10.992,608757,N,0,0,0,,
,28:11.872,609074,N,0,0,0,,
,28:12.781,609401,N,0,0,0,,
,28:13.717,609738,N,0,0,0,,
,28:14.636,610069,N,0,0,0,,
,28:15.500,610380,N,0,0,0,,
,28:16.342,610683,N,0,0,0,,
,28:17.236,611005,N,0,0,0,,
,28:18.119,611323,N,0,0,0,,
,28:19.019,611647,N,0,0,0,,
,28:19.911,611968,N,0,0,0,,
,28:20.786,612283,N,0,0,0,,
,28:21.639,612590,N,0,0,0,,
,28:22.467,612888,N,0,0,0,,
,28:23.294,613186,N,0,0,0,,
,28:24.167,613500,N,0,0,0,,
,28:25.031,613811,N,0,0,0,,
,28:25.878,614116,N,0,0,0,,
,28:26.719,614419,N,0,0,0,,
,28:27.556,614720,N,0,0,0,,
,28:28.383,615018,N,0,0,0,,
,28:29.214,615317,N,0,0,0,,
,28:30.083,615630,N,0,0,0,,
,28:31.000,615960,N,0,0,0,,
,28:31.883,616278,N,0,0,0,,
,28:32.781,616601,N,0,0,0,,
,28:33.636,616909,N,0,0,0,,
,28:34.511,617224,N,0,0,0,,
,28:35.364,617531,N,0,0,0,,
,28:36.225,617841,N,0,0,0,,
,28:37.136,618169,N,0,0,0,,
,28:38.006,618482,N,0,0,0,,
,28:38.831,618779,N,0,0,0,,
,28:39.617,619062,N,0,0,0,,
,28:40.097,619235,V,0,0,0,,
,28:40.275,619299,x,0,0,0,,
,28:41.231,619643,N,0,0,0,,
,28:42.028,619930,N,0,0,0,,
,28:42.856,620228,N,0,0,0,,
,28:43.711,620536,N,0,0,0,,
,28:44.525,620829,N,0,0,0,,
,28:45.311,621112,N,0,0,0,,
,28:46.081,621389,N,0,0,0,,
,28:46.856,621668,N,0,0,0,,
,28:47.672,621962,N,0,0,0,,
,28:48.486,622255,N,0,0,0,,
,28:49.306,622550,N,0,0,0,,
,28:50.175,622863,N,0,0,0,,
,28:50.989,623156,N,0,0,0,,
,28:51.775,623439,N,0,0,0,,
,28:52.572,623726,N,0,0,0,,
,28:53.375,624015,N,0,0,0,,
,28:54.228,624322,N,0,0,0,,
,28:55.092,624633,N,0,0,0,,
,28:55.925,624933,N,0,0,0,,
,28:56.781,625241,N,0,0,0,,
,28:57.594,625534,N,0,0,0,,
,28:58.372,625814,N,0,0,0,,
,28:59.181,626105,N,0,0,0,,
,28:59.992,626397,N,0,0,0,,
,29:00.875,626715,N,0,0,0,,
,29:01.719,627019,N,0,0,0,,
,29:02.556,627320,N,0,0,0,,
,29:03.400,627624,N,0,0,0,,
,29:04.206,627914,N,0,0,0,,
,29:04.989,628196,N,0,0,0,,
,29:05.811,628492,N,0,0,0,,
,29:06.653,628795,N,0,0,0,,
,29:07.522,629108,N,0,0,0,,
,29:08.372,629414,N,0,0,0,,
,29:09.197,629711,N,0,0,0,,
,29:10.031,630011,N,0,0,0,,
,29:10.850,630306,N,0,0,0,,
,29:11.681,630605,N,0,0,0,,
,29:12.528,630910,N,0,0,0,,
,29:13.383,631218,N,0,0,0,,
,29:13.981,631433,A,0,0,0,,
,29:15.111,631840,N,0,0,0,,
,29:15.900,632124,N,0,0,0,,
,29:16.744,632428,N,0,0,0,,
,29:17.581,632729,N,0,0,0,,
,29:17.989,632876,~,0,0,0,,
,29:18.425,633033,N,0,0,0,,
,29:19.286,633343,N,0,0,0,,
,29:20.150,633654,N,0,0,0,,
,29:21.017,633966,N,0,0,0,,
,29:21.831,634259,N,0,0,0,,
,29:22.628,634546,N,0,0,0,,
,29:23.475,634851,N,0,0,0,,
,29:24.325,635157,N,0,0,0,,
,29:25.194,635470,N,0,0,0,,
,29:26.064,635783,N,0,0,0,,
,29:26.919,636091,N,0,0,0,,
,29:27.769,636397,N,0,0,0,,
,29:28.594,636694,N,0,0,0,,
,29:29.433,636996,N,0,0,0,,
,29:30.325,637317,N,0,0,0,,
,29:31.214,637637,N,0,0,0,,
,29:32.092,637953,N,0,0,0,,
,29:32.978,638272,N,0,0,0,,
,29:33.814,638573,N,0,0,0,,
,29:34.678,638884,N,0,0,0,,
,29:35.514,639185,N,0,0,0,,
,29:36.392,639501,N,0,0,0,,
,29:37.322,639836,N,0,0,0,,
,29:38.236,640165,N,0,0,0,,
,29:39.075,640467,N,0,0,0,,
,29:39.917,640770,N,0,0,0,,
,29:40.778,641080,N,0,0,0,,
,29:41.683,641406,N,0,0,0,,
,29:41.908,641487,~,3,0,0,,
,29:42.622,641744,N,0,0,0,,
,29:43.600,642096,N,0,0,0,,
,29:44.581,642449,N,0,0,0,,
,29:45.472,642770,N,0,0,0,,
,29:46.358,643089,N,0,0,0,,
,29:47.267,643416,N,0,0,0,,
,29:48.175,643743,N,0,0,0,,
,29:49.089,644072,N,0,0,0,,
,29:50.031,644411,N,0,0,0,,
,29:50.925,644733,N,0,0,0,,
,29:51.761,645034,N,0,0,0,,
,29:52.578,645328,N,0,0,0,,
,29:53.383,645618,N,0,0,0,,
,29:54.311,645952,N,0,0,0,,
,29:55.197,646271,N,0,0,0,,
,29:55.731,646463,~,0,0,0,,
,29:56.092,646593,N,0,0,0,,
,29:57.011,646924,N,0,0,0,,
,29:57.892,647241,N,0,0,0,,
,29:58.747,647549,N,0,0,0,,
,29:59.622,647864,N,0,0,0,,
,30:00.553,648199,N,0,0,0,,
,30:01.475,648531,N,0,0,0,,
,30:02.369,648853,N,0,0,0,,
,30:03.250,649170,N,0,0,0,,
,30:04.086,649471,N,0,0,0,,
,30:04.914,649769,N,0,0,0,,
